Perc
4757930