Perc
1948501