Perc
1548352