Perc
6109602