Perc
8100973