Perc
850664